9.668000000000000682e+01 9.668000000000000682e+01 9.668000000000000682e+01 9.668000000000000682e+01 9.759999999999999432e+01 9.759999999999999432e+01 9.759999999999999432e+01 9.759999999999999432e+01 9.759999999999999432e+01 9.759999999999999432e+01 9.734999999999999432e+01 9.739000000000000057e+01 9.739000000000000057e+01 9.739000000000000057e+01 9.739000000000000057e+01 9.739000000000000057e+01 9.739000000000000057e+01 9.604999999999999716e+01 9.604999999999999716e+01 9.604999999999999716e+01 9.604999999999999716e+01
9.668000000000000682e+01 9.668000000000000682e+01 9.715999999999999659e+01 9.740999999999999659e+01 9.759999999999999432e+01 9.760999999999999943e+01 9.759999999999999432e+01 9.759999999999999432e+01 9.760999999999999943e+01 9.770000000000000284e+01 9.768000000000000682e+01 9.757999999999999829e+01 9.739000000000000057e+01 9.739000000000000057e+01 9.739000000000000057e+01 9.725000000000000000e+01 9.712000000000000455e+01 9.693999999999999773e+01 9.640000000000000568e+01 9.604999999999999716e+01 9.604999999999999716e+01
9.679000000000000625e+01 9.712999999999999545e+01 9.721999999999999886e+01 9.740999999999999659e+01 9.745000000000000284e+01 9.770000000000000284e+01 9.770999999999999375e+01 9.762999999999999545e+01 9.770000000000000284e+01 9.768000000000000682e+01 9.768000000000000682e+01 9.762999999999999545e+01 9.757999999999999829e+01 9.750000000000000000e+01 9.715000000000000568e+01 9.718000000000000682e+01 9.696999999999999886e+01 9.695999999999999375e+01 9.648999999999999488e+01 9.642000000000000171e+01 9.604999999999999716e+01
9.689000000000000057e+01 9.698000000000000398e+01 9.734000000000000341e+01 9.739000000000000057e+01 9.745000000000000284e+01 9.748999999999999488e+01 9.773000000000000398e+01 9.771999999999999886e+01 9.764000000000000057e+01 9.773000000000000398e+01 9.768000000000000682e+01 9.762999999999999545e+01 9.728000000000000114e+01 9.737000000000000455e+01 9.740000000000000568e+01 9.717000000000000171e+01 9.698999999999999488e+01 9.695999999999999375e+01 9.687999999999999545e+01 9.606000000000000227e+01 9.601000000000000512e+01
9.687999999999999545e+01 9.712999999999999545e+01 9.725000000000000000e+01 9.732999999999999829e+01 9.754999999999999716e+01 9.762999999999999545e+01 9.765000000000000568e+01 9.770000000000000284e+01 9.770000000000000284e+01 9.773000000000000398e+01 9.765000000000000568e+01 9.757999999999999829e+01 9.742000000000000171e+01 9.739000000000000057e+01 9.737999999999999545e+01 9.721999999999999886e+01 9.704999999999999716e+01 9.687000000000000455e+01 9.660999999999999943e+01 9.615999999999999659e+01 9.598999999999999488e+01
9.698999999999999488e+01 9.718000000000000682e+01 9.723999999999999488e+01 9.737999999999999545e+01 9.745999999999999375e+01 9.751000000000000512e+01 9.756000000000000227e+01 9.764000000000000057e+01 9.775000000000000000e+01 9.767000000000000171e+01 9.764000000000000057e+01 9.765000000000000568e+01 9.754000000000000625e+01 9.720999999999999375e+01 9.728000000000000114e+01 9.717000000000000171e+01 9.695000000000000284e+01 9.693999999999999773e+01 9.673999999999999488e+01 9.640999999999999659e+01 9.590999999999999659e+01
9.671999999999999886e+01 9.732999999999999829e+01 9.756000000000000227e+01 9.760999999999999943e+01 9.762999999999999545e+01 9.759000000000000341e+01 9.759999999999999432e+01 9.754999999999999716e+01 9.759000000000000341e+01 9.768999999999999773e+01 9.779000000000000625e+01 9.770000000000000284e+01 9.768999999999999773e+01 9.751000000000000512e+01 9.685999999999999943e+01 9.696999999999999886e+01 9.687999999999999545e+01 9.690999999999999659e+01 9.684999999999999432e+01 9.664000000000000057e+01 9.545999999999999375e+01
9.698000000000000398e+01 9.757999999999999829e+01 9.768000000000000682e+01 9.765000000000000568e+01 9.765999999999999659e+01 9.765999999999999659e+01 9.759000000000000341e+01 9.768000000000000682e+01 9.770999999999999375e+01 9.779000000000000625e+01 9.776999999999999602e+01 9.773999999999999488e+01 9.770999999999999375e+01 9.712000000000000455e+01 9.687000000000000455e+01 9.684999999999999432e+01 9.682999999999999829e+01 9.681000000000000227e+01 9.670000000000000284e+01 9.640000000000000568e+01 9.540999999999999659e+01
9.715000000000000568e+01 9.737999999999999545e+01 9.751999999999999602e+01 9.765000000000000568e+01 9.770000000000000284e+01 9.762999999999999545e+01 9.768999999999999773e+01 9.770999999999999375e+01 9.775000000000000000e+01 9.773999999999999488e+01 9.779999999999999716e+01 9.765000000000000568e+01 9.759000000000000341e+01 9.734000000000000341e+01 9.709999999999999432e+01 9.690000000000000568e+01 9.684999999999999432e+01 9.678000000000000114e+01 9.653000000000000114e+01 9.615999999999999659e+01 9.562000000000000455e+01
9.712999999999999545e+01 9.731999999999999318e+01 9.732999999999999829e+01 9.754000000000000625e+01 9.760999999999999943e+01 9.775000000000000000e+01 9.776000000000000512e+01 9.765999999999999659e+01 9.771999999999999886e+01 9.759000000000000341e+01 9.746999999999999886e+01 9.756000000000000227e+01 9.753000000000000114e+01 9.746999999999999886e+01 9.725000000000000000e+01 9.692000000000000171e+01 9.670999999999999375e+01 9.654999999999999716e+01 9.639000000000000057e+01 9.598000000000000398e+01 9.570000000000000284e+01
9.703000000000000114e+01 9.723999999999999488e+01 9.742000000000000171e+01 9.754999999999999716e+01 9.770000000000000284e+01 9.765000000000000568e+01 9.773000000000000398e+01 9.765000000000000568e+01 9.759999999999999432e+01 9.754000000000000625e+01 9.754000000000000625e+01 9.751999999999999602e+01 9.742000000000000171e+01 9.723999999999999488e+01 9.721999999999999886e+01 9.692000000000000171e+01 9.653000000000000114e+01 9.657999999999999829e+01 9.626000000000000512e+01 9.589000000000000057e+01 9.570000000000000284e+01
9.687000000000000455e+01 9.726999999999999602e+01 9.745999999999999375e+01 9.759000000000000341e+01 9.756999999999999318e+01 9.760999999999999943e+01 9.767000000000000171e+01 9.753000000000000114e+01 9.759999999999999432e+01 9.762000000000000455e+01 9.746999999999999886e+01 9.740000000000000568e+01 9.739000000000000057e+01 9.735999999999999943e+01 9.720999999999999375e+01 9.685999999999999943e+01 9.681999999999999318e+01 9.640999999999999659e+01 9.609000000000000341e+01 9.570000000000000284e+01 9.543000000000000682e+01
9.696999999999999886e+01 9.718999999999999773e+01 9.737999999999999545e+01 9.764000000000000057e+01 9.762999999999999545e+01 9.762000000000000455e+01 9.751999999999999602e+01 9.743999999999999773e+01 9.740999999999999659e+01 9.762999999999999545e+01 9.756000000000000227e+01 9.740000000000000568e+01 9.734999999999999432e+01 9.725000000000000000e+01 9.709000000000000341e+01 9.679000000000000625e+01 9.673999999999999488e+01 9.626999999999999602e+01 9.579000000000000625e+01 9.556999999999999318e+01 9.540000000000000568e+01
9.700000000000000000e+01 9.712000000000000455e+01 9.732999999999999829e+01 9.721999999999999886e+01 9.728000000000000114e+01 9.737000000000000455e+01 9.745000000000000284e+01 9.753000000000000114e+01 9.746999999999999886e+01 9.750000000000000000e+01 9.735999999999999943e+01 9.714000000000000057e+01 9.718999999999999773e+01 9.718000000000000682e+01 9.693000000000000682e+01 9.673999999999999488e+01 9.640999999999999659e+01 9.607999999999999829e+01 9.556000000000000227e+01 9.557999999999999829e+01 9.539000000000000057e+01
9.698999999999999488e+01 9.704999999999999716e+01 9.729000000000000625e+01 9.728000000000000114e+01 9.726000000000000512e+01 9.743000000000000682e+01 9.746999999999999886e+01 9.748999999999999488e+01 9.748999999999999488e+01 9.743000000000000682e+01 9.729999999999999716e+01 9.731000000000000227e+01 9.706000000000000227e+01 9.693000000000000682e+01 9.698999999999999488e+01 9.681999999999999318e+01 9.634999999999999432e+01 9.620999999999999375e+01 9.579999999999999716e+01 9.551999999999999602e+01 9.529999999999999716e+01
9.668000000000000682e+01 9.695000000000000284e+01 9.717000000000000171e+01 9.726999999999999602e+01 9.739000000000000057e+01 9.737000000000000455e+01 9.745000000000000284e+01 9.745000000000000284e+01 9.742000000000000171e+01 9.742000000000000171e+01 9.729999999999999716e+01 9.726999999999999602e+01 9.704999999999999716e+01 9.687999999999999545e+01 9.681999999999999318e+01 9.662000000000000455e+01 9.637000000000000455e+01 9.623000000000000398e+01 9.590000000000000568e+01 9.556999999999999318e+01 9.493000000000000682e+01
9.648000000000000398e+01 9.667000000000000171e+01 9.701000000000000512e+01 9.721999999999999886e+01 9.731999999999999318e+01 9.732999999999999829e+01 9.735999999999999943e+01 9.737999999999999545e+01 9.734000000000000341e+01 9.718999999999999773e+01 9.728000000000000114e+01 9.732999999999999829e+01 9.706000000000000227e+01 9.685999999999999943e+01 9.662999999999999545e+01 9.651000000000000512e+01 9.637000000000000455e+01 9.629999999999999716e+01 9.587000000000000455e+01 9.548000000000000398e+01 9.487000000000000455e+01
9.662000000000000455e+01 9.667000000000000171e+01 9.700000000000000000e+01 9.717000000000000171e+01 9.717000000000000171e+01 9.717000000000000171e+01 9.735999999999999943e+01 9.732999999999999829e+01 9.728000000000000114e+01 9.717000000000000171e+01 9.728000000000000114e+01 9.723999999999999488e+01 9.701999999999999602e+01 9.689000000000000057e+01 9.659000000000000341e+01 9.660999999999999943e+01 9.639000000000000057e+01 9.604000000000000625e+01 9.587000000000000455e+01 9.529999999999999716e+01 9.481000000000000227e+01
9.632999999999999829e+01 9.650000000000000000e+01 9.678000000000000114e+01 9.684999999999999432e+01 9.704999999999999716e+01 9.712000000000000455e+01 9.720999999999999375e+01 9.720999999999999375e+01 9.707999999999999829e+01 9.695999999999999375e+01 9.701999999999999602e+01 9.695999999999999375e+01 9.707999999999999829e+01 9.693000000000000682e+01 9.668999999999999773e+01 9.648999999999999488e+01 9.631999999999999318e+01 9.601999999999999602e+01 9.570000000000000284e+01 9.518999999999999773e+01 9.471999999999999886e+01
9.598000000000000398e+01 9.620000000000000284e+01 9.656000000000000227e+01 9.651000000000000512e+01 9.681000000000000227e+01 9.695999999999999375e+01 9.698999999999999488e+01 9.695000000000000284e+01 9.690000000000000568e+01 9.687000000000000455e+01 9.678000000000000114e+01 9.696999999999999886e+01 9.681999999999999318e+01 9.676000000000000512e+01 9.645999999999999375e+01 9.635999999999999943e+01 9.618999999999999773e+01 9.571999999999999886e+01 9.543999999999999773e+01 9.528000000000000114e+01 9.440000000000000568e+01
9.559000000000000341e+01 9.592000000000000171e+01 9.612999999999999545e+01 9.637000000000000455e+01 9.664000000000000057e+01 9.668999999999999773e+01 9.670000000000000284e+01 9.667000000000000171e+01 9.668999999999999773e+01 9.656000000000000227e+01 9.670000000000000284e+01 9.681999999999999318e+01 9.676000000000000512e+01 9.650000000000000000e+01 9.629000000000000625e+01 9.610999999999999943e+01 9.592000000000000171e+01 9.557999999999999829e+01 9.531000000000000227e+01 9.493999999999999773e+01 9.417000000000000171e+01
