9.723999999999999488e+01 9.723999999999999488e+01 9.723999999999999488e+01 9.723999999999999488e+01 9.412999999999999545e+01 9.412999999999999545e+01 9.412999999999999545e+01 9.412999999999999545e+01 9.412999999999999545e+01 9.412999999999999545e+01 8.632999999999999829e+01 7.804000000000000625e+01 7.804000000000000625e+01 7.804000000000000625e+01 7.804000000000000625e+01 7.804000000000000625e+01 7.804000000000000625e+01 4.645000000000000284e+01 4.645000000000000284e+01 4.645000000000000284e+01 4.645000000000000284e+01
9.723999999999999488e+01 9.723999999999999488e+01 9.682999999999999829e+01 9.609999999999999432e+01 9.523000000000000398e+01 9.425000000000000000e+01 9.412999999999999545e+01 9.412999999999999545e+01 9.412999999999999545e+01 9.129000000000000625e+01 8.790999999999999659e+01 8.346999999999999886e+01 7.804999999999999716e+01 7.804000000000000625e+01 7.804000000000000625e+01 7.604000000000000625e+01 6.915000000000000568e+01 6.275999999999999801e+01 5.446999999999999886e+01 4.645000000000000284e+01 4.645000000000000284e+01
9.709999999999999432e+01 9.684000000000000341e+01 9.654999999999999716e+01 9.598000000000000398e+01 9.589000000000000057e+01 9.515000000000000568e+01 9.507999999999999829e+01 9.181000000000000227e+01 9.129000000000000625e+01 8.931999999999999318e+01 8.790999999999999659e+01 8.643999999999999773e+01 8.346999999999999886e+01 8.170000000000000284e+01 7.050000000000000000e+01 7.029000000000000625e+01 6.412000000000000455e+01 6.315999999999999659e+01 5.571000000000000085e+01 5.471000000000000085e+01 4.728000000000000114e+01
9.678000000000000114e+01 9.675000000000000000e+01 9.612999999999999545e+01 9.598000000000000398e+01 9.598999999999999488e+01 9.496999999999999886e+01 9.257999999999999829e+01 9.253000000000000114e+01 9.126000000000000512e+01 8.823000000000000398e+01 8.790999999999999659e+01 8.753000000000000114e+01 8.070999999999999375e+01 7.631999999999999318e+01 7.629999999999999716e+01 6.882999999999999829e+01 6.329999999999999716e+01 6.317999999999999972e+01 6.103000000000000114e+01 4.967000000000000171e+01 4.700999999999999801e+01
9.675000000000000000e+01 9.665999999999999659e+01 9.603000000000000114e+01 9.590000000000000568e+01 9.431999999999999318e+01 9.362000000000000455e+01 9.279999999999999716e+01 9.229000000000000625e+01 9.090999999999999659e+01 8.956999999999999318e+01 8.682999999999999829e+01 8.329999999999999716e+01 7.992000000000000171e+01 7.684999999999999432e+01 7.509000000000000341e+01 7.120999999999999375e+01 6.740000000000000568e+01 6.127000000000000313e+01 5.592999999999999972e+01 4.988000000000000256e+01 4.684000000000000341e+01
9.632999999999999829e+01 9.623999999999999488e+01 9.501999999999999602e+01 9.395000000000000284e+01 9.371999999999999886e+01 9.350000000000000000e+01 9.298000000000000398e+01 9.164000000000000057e+01 8.962999999999999545e+01 8.632999999999999829e+01 8.437999999999999545e+01 8.356999999999999318e+01 8.112999999999999545e+01 7.770000000000000284e+01 7.312999999999999545e+01 6.795999999999999375e+01 6.450000000000000000e+01 6.128999999999999915e+01 5.825999999999999801e+01 5.374000000000000199e+01 4.659000000000000341e+01
9.503000000000000114e+01 9.412999999999999545e+01 9.356000000000000227e+01 9.348000000000000398e+01 9.351999999999999602e+01 9.340999999999999659e+01 9.190999999999999659e+01 8.898000000000000398e+01 8.537999999999999545e+01 8.393000000000000682e+01 8.384000000000000341e+01 8.365000000000000568e+01 8.282999999999999829e+01 7.720000000000000284e+01 6.920000000000000284e+01 6.282000000000000028e+01 6.121999999999999886e+01 6.118999999999999773e+01 6.104999999999999716e+01 5.768999999999999773e+01 4.853999999999999915e+01
9.204000000000000625e+01 9.246999999999999886e+01 9.325000000000000000e+01 9.357999999999999829e+01 9.328000000000000114e+01 9.220000000000000284e+01 8.890000000000000568e+01 8.551000000000000512e+01 8.321999999999999886e+01 8.304999999999999716e+01 8.306999999999999318e+01 8.234999999999999432e+01 7.981999999999999318e+01 7.421999999999999886e+01 6.692000000000000171e+01 6.228999999999999915e+01 6.071000000000000085e+01 6.060000000000000142e+01 5.924000000000000199e+01 5.597999999999999687e+01 4.939000000000000057e+01
9.134999999999999432e+01 9.187999999999999545e+01 9.209999999999999432e+01 9.201000000000000512e+01 9.176000000000000512e+01 8.959999999999999432e+01 8.732999999999999829e+01 8.523000000000000398e+01 8.346999999999999886e+01 8.220999999999999375e+01 8.123000000000000398e+01 7.968999999999999773e+01 7.618000000000000682e+01 7.235999999999999943e+01 6.753000000000000114e+01 6.385000000000000142e+01 6.163000000000000256e+01 5.940999999999999659e+01 5.565999999999999659e+01 5.221000000000000085e+01 4.814000000000000057e+01
9.123000000000000398e+01 9.065999999999999659e+01 9.012000000000000455e+01 8.879000000000000625e+01 8.779000000000000625e+01 8.678000000000000114e+01 8.634999999999999432e+01 8.479999999999999716e+01 8.289000000000000057e+01 8.146999999999999886e+01 7.918999999999999773e+01 7.581000000000000227e+01 7.414000000000000057e+01 7.170000000000000284e+01 6.784000000000000341e+01 6.465000000000000568e+01 6.132999999999999829e+01 5.728000000000000114e+01 5.279999999999999716e+01 5.077000000000000313e+01 4.727000000000000313e+01
8.981000000000000227e+01 8.887999999999999545e+01 8.806000000000000227e+01 8.671999999999999886e+01 8.542000000000000171e+01 8.484000000000000341e+01 8.412999999999999545e+01 8.367000000000000171e+01 8.225000000000000000e+01 7.990999999999999659e+01 7.739000000000000057e+01 7.462000000000000455e+01 7.254000000000000625e+01 6.981999999999999318e+01 6.787999999999999545e+01 6.363000000000000256e+01 5.939000000000000057e+01 5.572999999999999687e+01 5.328000000000000114e+01 5.029999999999999716e+01 4.746000000000000085e+01
8.662000000000000455e+01 8.648999999999999488e+01 8.631999999999999318e+01 8.525000000000000000e+01 8.354999999999999716e+01 8.262000000000000455e+01 8.173999999999999488e+01 8.121999999999999886e+01 8.004999999999999716e+01 7.812999999999999545e+01 7.578000000000000114e+01 7.312000000000000455e+01 7.089000000000000057e+01 6.854999999999999716e+01 6.595000000000000284e+01 6.303000000000000114e+01 5.865999999999999659e+01 5.557000000000000028e+01 5.321000000000000085e+01 5.009000000000000341e+01 4.731000000000000227e+01
8.406999999999999318e+01 8.414000000000000057e+01 8.362999999999999545e+01 8.268000000000000682e+01 8.221999999999999886e+01 8.090000000000000568e+01 7.976999999999999602e+01 7.857999999999999829e+01 7.742000000000000171e+01 7.531999999999999318e+01 7.390999999999999659e+01 7.276000000000000512e+01 6.915000000000000568e+01 6.684000000000000341e+01 6.437999999999999545e+01 6.182000000000000028e+01 5.817999999999999972e+01 5.564999999999999858e+01 5.296000000000000085e+01 4.996000000000000085e+01 4.703000000000000114e+01
8.262000000000000455e+01 8.218999999999999773e+01 8.143999999999999773e+01 8.034999999999999432e+01 7.898000000000000398e+01 7.839000000000000057e+01 7.731000000000000227e+01 7.684999999999999432e+01 7.559999999999999432e+01 7.440999999999999659e+01 7.254000000000000625e+01 6.951000000000000512e+01 6.756999999999999318e+01 6.470000000000000284e+01 6.311999999999999744e+01 6.121999999999999886e+01 5.931000000000000227e+01 5.528000000000000114e+01 5.275000000000000000e+01 4.897999999999999687e+01 4.625999999999999801e+01
8.076000000000000512e+01 8.087000000000000455e+01 7.910999999999999943e+01 7.760999999999999943e+01 7.556000000000000227e+01 7.410999999999999943e+01 7.485999999999999943e+01 7.545000000000000284e+01 7.470999999999999375e+01 7.221999999999999886e+01 6.981000000000000227e+01 6.628000000000000114e+01 6.500000000000000000e+01 6.353999999999999915e+01 6.256000000000000227e+01 6.064999999999999858e+01 5.875000000000000000e+01 5.540999999999999659e+01 5.150999999999999801e+01 4.782999999999999829e+01 4.615999999999999659e+01
7.823000000000000398e+01 7.698999999999999488e+01 7.554999999999999716e+01 7.384999999999999432e+01 7.251999999999999602e+01 7.179000000000000625e+01 7.207999999999999829e+01 7.207999999999999829e+01 7.109999999999999432e+01 6.959999999999999432e+01 6.734999999999999432e+01 6.437999999999999545e+01 6.222999999999999687e+01 6.107999999999999829e+01 6.002000000000000313e+01 5.942000000000000171e+01 5.760999999999999943e+01 5.485000000000000142e+01 4.996000000000000085e+01 4.746999999999999886e+01 4.753000000000000114e+01
7.342000000000000171e+01 7.143000000000000682e+01 7.179000000000000625e+01 7.068999999999999773e+01 7.029999999999999716e+01 6.918999999999999773e+01 6.901999999999999602e+01 6.687999999999999545e+01 6.614000000000000057e+01 6.515999999999999659e+01 6.476000000000000512e+01 6.260999999999999943e+01 6.060000000000000142e+01 5.921000000000000085e+01 5.607000000000000028e+01 5.571999999999999886e+01 5.507999999999999829e+01 5.353000000000000114e+01 4.964999999999999858e+01 4.770000000000000284e+01 4.659000000000000341e+01
6.735999999999999943e+01 6.745000000000000284e+01 6.757999999999999829e+01 6.712999999999999545e+01 6.631000000000000227e+01 6.540999999999999659e+01 6.492000000000000171e+01 6.304999999999999716e+01 6.277000000000000313e+01 6.138000000000000256e+01 6.020000000000000284e+01 5.946000000000000085e+01 5.797999999999999687e+01 5.610999999999999943e+01 5.409000000000000341e+01 5.297999999999999687e+01 5.203000000000000114e+01 5.103000000000000114e+01 4.975000000000000000e+01 4.693999999999999773e+01 4.446999999999999886e+01
6.382999999999999829e+01 6.334000000000000341e+01 6.342999999999999972e+01 6.324000000000000199e+01 6.182000000000000028e+01 6.054999999999999716e+01 5.953999999999999915e+01 5.828999999999999915e+01 5.950000000000000000e+01 5.874000000000000199e+01 5.703999999999999915e+01 5.524000000000000199e+01 5.382000000000000028e+01 5.243999999999999773e+01 5.222999999999999687e+01 5.207000000000000028e+01 5.117000000000000171e+01 4.838000000000000256e+01 4.754999999999999716e+01 4.436999999999999744e+01 4.414000000000000057e+01
5.845000000000000284e+01 5.853000000000000114e+01 5.715999999999999659e+01 5.628999999999999915e+01 5.639000000000000057e+01 5.546000000000000085e+01 5.353000000000000114e+01 5.396000000000000085e+01 5.332000000000000028e+01 5.338000000000000256e+01 5.239999999999999858e+01 5.121999999999999886e+01 4.950999999999999801e+01 4.846999999999999886e+01 4.765999999999999659e+01 4.867999999999999972e+01 4.702000000000000313e+01 4.618999999999999773e+01 4.450999999999999801e+01 4.214000000000000057e+01 4.109000000000000341e+01
5.372999999999999687e+01 5.361999999999999744e+01 5.281000000000000227e+01 5.163000000000000256e+01 5.207000000000000028e+01 5.111999999999999744e+01 5.039000000000000057e+01 4.975000000000000000e+01 4.838000000000000256e+01 4.779999999999999716e+01 4.686999999999999744e+01 4.661999999999999744e+01 4.710999999999999943e+01 4.453999999999999915e+01 4.346999999999999886e+01 4.328000000000000114e+01 4.264999999999999858e+01 4.260000000000000142e+01 4.222999999999999687e+01 4.132999999999999829e+01 3.850999999999999801e+01
