9.626000000000000512e+01 9.609000000000000341e+01 9.618999999999999773e+01 9.229999999999999716e+01 9.265999999999999659e+01 9.256999999999999318e+01 9.259000000000000341e+01 9.251000000000000512e+01 7.556000000000000227e+01 7.570000000000000284e+01 7.595000000000000284e+01
9.615000000000000568e+01 9.568000000000000682e+01 9.520000000000000284e+01 9.431000000000000227e+01 9.325000000000000000e+01 9.251999999999999602e+01 8.989000000000000057e+01 8.651999999999999602e+01 8.359999999999999432e+01 7.926999999999999602e+01 7.537999999999999545e+01
9.529000000000000625e+01 9.545999999999999375e+01 9.473999999999999488e+01 9.468000000000000682e+01 9.340000000000000568e+01 9.031999999999999318e+01 8.906999999999999318e+01 8.529000000000000625e+01 8.506000000000000227e+01 8.020000000000000284e+01 7.295999999999999375e+01
9.534000000000000341e+01 9.462000000000000455e+01 9.456000000000000227e+01 9.254000000000000625e+01 9.134999999999999432e+01 8.995000000000000284e+01 8.867000000000000171e+01 8.626999999999999602e+01 8.128000000000000114e+01 7.656999999999999318e+01 7.334000000000000341e+01
9.470000000000000284e+01 9.362000000000000455e+01 9.137000000000000455e+01 9.137999999999999545e+01 9.131000000000000227e+01 8.965999999999999659e+01 8.542000000000000171e+01 8.146999999999999886e+01 8.029000000000000625e+01 7.881000000000000227e+01 7.228000000000000114e+01
8.979000000000000625e+01 9.070000000000000284e+01 9.134999999999999432e+01 9.134999999999999432e+01 8.960999999999999943e+01 8.435999999999999943e+01 8.054999999999999716e+01 8.021999999999999886e+01 7.962000000000000455e+01 7.767000000000000171e+01 6.853000000000000114e+01
8.898000000000000398e+01 8.887000000000000455e+01 8.928000000000000114e+01 8.884000000000000341e+01 8.560999999999999943e+01 8.243000000000000682e+01 8.071999999999999886e+01 7.854000000000000625e+01 7.718000000000000682e+01 7.235999999999999943e+01 6.698000000000000398e+01
8.781000000000000227e+01 8.646999999999999886e+01 8.470000000000000284e+01 8.345999999999999375e+01 8.332999999999999829e+01 8.162000000000000455e+01 7.926000000000000512e+01 7.689000000000000057e+01 7.231999999999999318e+01 6.943999999999999773e+01 6.556999999999999318e+01
8.437999999999999545e+01 8.368000000000000682e+01 8.278000000000000114e+01 8.054000000000000625e+01 7.979000000000000625e+01 7.807999999999999829e+01 7.734000000000000341e+01 7.400000000000000000e+01 7.076000000000000512e+01 6.712999999999999545e+01 6.389999999999999858e+01
8.068999999999999773e+01 7.990000000000000568e+01 7.914000000000000057e+01 7.893000000000000682e+01 7.656999999999999318e+01 7.476999999999999602e+01 7.364000000000000057e+01 7.153000000000000114e+01 6.925000000000000000e+01 6.484999999999999432e+01 6.170000000000000284e+01
7.768999999999999773e+01 7.781999999999999318e+01 7.500000000000000000e+01 7.448000000000000398e+01 7.240999999999999659e+01 7.270999999999999375e+01 7.079999999999999716e+01 6.859999999999999432e+01 6.450000000000000000e+01 6.250999999999999801e+01 5.956000000000000227e+01
