9.673000000000000398e+01 9.673000000000000398e+01 9.673000000000000398e+01 9.651000000000000512e+01 9.651000000000000512e+01 9.651000000000000512e+01 9.651000000000000512e+01 9.651000000000000512e+01 9.598999999999999488e+01 9.598999999999999488e+01 9.598999999999999488e+01
9.673000000000000398e+01 9.639000000000000057e+01 9.653000000000000114e+01 9.631999999999999318e+01 9.659000000000000341e+01 9.651000000000000512e+01 9.632999999999999829e+01 9.604999999999999716e+01 9.562000000000000455e+01 9.579999999999999716e+01 9.598999999999999488e+01
9.639000000000000057e+01 9.632999999999999829e+01 9.659999999999999432e+01 9.654000000000000625e+01 9.645999999999999375e+01 9.629000000000000625e+01 9.629000000000000625e+01 9.573000000000000398e+01 9.579000000000000625e+01 9.548999999999999488e+01 9.518999999999999773e+01
9.637000000000000455e+01 9.654999999999999716e+01 9.673999999999999488e+01 9.651000000000000512e+01 9.626999999999999602e+01 9.632999999999999829e+01 9.604000000000000625e+01 9.568000000000000682e+01 9.543999999999999773e+01 9.506000000000000227e+01 9.521999999999999886e+01
9.635999999999999943e+01 9.659000000000000341e+01 9.654000000000000625e+01 9.656000000000000227e+01 9.637999999999999545e+01 9.612999999999999545e+01 9.553000000000000114e+01 9.528000000000000114e+01 9.534999999999999432e+01 9.498000000000000398e+01 9.478000000000000114e+01
9.587999999999999545e+01 9.625000000000000000e+01 9.635999999999999943e+01 9.632999999999999829e+01 9.609999999999999432e+01 9.520000000000000284e+01 9.501000000000000512e+01 9.498000000000000398e+01 9.501999999999999602e+01 9.432999999999999829e+01 9.314000000000000057e+01
9.612999999999999545e+01 9.623999999999999488e+01 9.625000000000000000e+01 9.620000000000000284e+01 9.582999999999999829e+01 9.531000000000000227e+01 9.457999999999999829e+01 9.445999999999999375e+01 9.439000000000000057e+01 9.384000000000000341e+01 9.270000000000000284e+01
9.590999999999999659e+01 9.617000000000000171e+01 9.592000000000000171e+01 9.589000000000000057e+01 9.568999999999999773e+01 9.498000000000000398e+01 9.457999999999999829e+01 9.406000000000000227e+01 9.370000000000000284e+01 9.318000000000000682e+01 9.220999999999999375e+01
9.584999999999999432e+01 9.604999999999999716e+01 9.601000000000000512e+01 9.571999999999999886e+01 9.551000000000000512e+01 9.493000000000000682e+01 9.437000000000000455e+01 9.393999999999999773e+01 9.342000000000000171e+01 9.250000000000000000e+01 9.120000000000000284e+01
9.575000000000000000e+01 9.573999999999999488e+01 9.564000000000000057e+01 9.534000000000000341e+01 9.498999999999999488e+01 9.470999999999999375e+01 9.404000000000000625e+01 9.325000000000000000e+01 9.248000000000000398e+01 9.137999999999999545e+01 9.076000000000000512e+01
9.579999999999999716e+01 9.573999999999999488e+01 9.545000000000000284e+01 9.503000000000000114e+01 9.481000000000000227e+01 9.451999999999999602e+01 9.376000000000000512e+01 9.287999999999999545e+01 9.148999999999999488e+01 9.076999999999999602e+01 9.012000000000000455e+01
